.01 ANLAMLILIK DÜZEYİNDE M4 


Suspected Copier Suspected Source W.pvalue GBT.pvalue M4.pvalue K.pvalue K1.pvalue K2.pvalue S1.pvalue S2.pvalue
		e100248          e100191    0.002      0.007     0.008    0.032     0.018     0.033     0.022     0.025
		e100505          e100191    0.001      0.008     0.007    0.024     0.024     0.027     0.044     0.049
		e100225          e100199    0.000      0.001     0.001    0.010     0.002     0.006     0.006     0.008
		e100304          e100199    0.001      0.006     0.007    0.036     0.011     0.024     0.017     0.020
		e100452          e100199    0.000      0.002     0.002    0.004     0.006     0.010     0.015     0.017
		e100505          e100199    0.000      0.001     0.001    0.004     0.004     0.005     0.013     0.015
		e100624          e100199    0.000      0.005     0.003    0.008     0.015     0.010     0.052     0.056
		e100199          e100225    0.001      0.001     0.001    0.026     0.007     0.016     0.016     0.019 
		e100523          e100225    0.006      0.007     0.005    0.042     0.043     0.052     0.071     0.076
		e100191          e100248    0.001      0.007     0.008    0.023     0.007     0.014     0.014     0.017
		e100452          e100248    0.000      0.001     0.000    0.003     0.002     0.003     0.007     0.009
		e100505          e100248    0.001      0.009     0.007    0.016     0.015     0.017     0.032     0.036
		e100624          e100248    0.000      0.001     0.000    0.001     0.003     0.002     0.018     0.020
		e100199          e100304    0.004      0.006     0.007    0.034     0.015     0.035     0.024     0.028
		e100505          e100304    0.001      0.005     0.003    0.024     0.019     0.023     0.039     0.044
		e100199          e100452    0.000      0.002     0.002    0.001     0.001     0.002     0.006     0.008
		e100248          e100452    0.000      0.001     0.000    0.002     0.001     0.001     0.004     0.005
		e100505          e100452    0.000      0.000     0.000    0.000     0.000     0.000     0.001     0.001
		e100624          e100452    0.000      0.000     0.000    0.000     0.000     0.000     0.005     0.006
		e100191          e100505    0.005      0.008     0.007    0.010     0.006     0.014     0.018     0.014
		e100199          e100505    0.000      0.001     0.001    0.001     0.001     0.002     0.005     0.007
		e100248          e100505    0.005      0.009     0.007    0.025     0.008     0.017     0.018     0.023
		e100304          e100505    0.002      0.005     0.003    0.011     0.004     0.009     0.012     0.016
		e100452          e100505    0.000      0.000     0.000    0.000     0.000     0.000     0.001     0.001
		e100624          e100505    0.000      0.000     0.000    0.000     0.000     0.000     0.001     0.001
		e100225          e100523    0.007      0.007     0.005    0.025     0.009     0.021     0.022     0.027
		e100199          e100624    0.002      0.005     0.003    0.001     0.002     0.003     0.009     0.014
		e100248          e100624    0.000      0.001     0.000    0.001     0.000     0.000     0.003     0.005
		e100452          e100624    0.000      0.000     0.000    0.000     0.000     0.000     0.001     0.002
		e100505          e100624    0.000      0.000     0.000    0.000     0.000     0.000     0.000     0.000
		
		
		



		